the computed orbit kicks from tao
this file was taken before I stated saving the data in corSet3350 

%KEEP TRACK OF CHANGES
    {'XCQT22'}
    {'XCDL3' }
    {'XCQT32'}
    {'XCDL4' }
    {'XCQT42'}
    {'XCEM2' }
    {'XCEM4' }
    {'XCE31' }
    {'XCE33' }
    {'XCE35' }
    {'XCUM1' }
    {'XCUM3' }

'XCE33' '3467/1453'

    0.0375
   -0.0020
   -0.0176
    0.0105
   -0.0051
    0.0043
   -0.0061
    0.0099
   -0.0124
   -0.0082
    0.0062
    0.0178
    
    
DQEC1#5'-3490/1473.610
   
    0.0375
   -0.0020
   -0.0176
    0.0105
   -0.0051
    0.0043
   -0.0061
    0.0099
   -0.0124
   -0.0082
    0.0062
    0.0178

    
APERTURE_Z_3505.007_M - 3510/ 1490.353

   0.0106
   -0.0025
   -0.0103
    0.0042
    0.0027
    0.0077
   -0.0039
   -0.0153
   -0.0083
    0.0063
    0.0051
   -0.0034

   
    
 APERTURE_Z_3525.619_M - 3530 /  1510.965
 
 0.0106
   -0.0025
   -0.0103
    0.0042
    0.0027
    0.0068
   -0.0039
   -0.0153
   -0.0083
    0.0004
   -0.0041
   -0.0034

   
   APERTURE_Z_3544.715_M - 3550 /  1530.062     
   0
    0.0034
   -0.0011
    0.0027
   -0.0121
   -0.0046
   -0.0026
   -0.0054
   -0.0045
    0.0016
    0.0005
    0.0048
   
    APERTURE_Z_3350.0906_M                        1335.435
    1st time   
    
    0
    0.0068
    0.0018
    0.0034
    0.0007
   -0.0017
    0.0013
   -0.0018
   -0.0040
   -0.0062
    0.0027
    0.0051
 2nd time
   
            0
         0
    0.0110
         0
   -0.0102
    0.0075
    0.0235
    0.0105
    0.0233
         0
   -0.0154
         0

  APERTURE_Z_3370.553_M                         1355.898       
         
            0
    0.0117
    0.0314
    0.0049
   -0.0215
    0.0061
    0.0292
    0.0336
    0.0217
    0.0116
   -0.0244
   -0.0019

   APERTURE_Z_3390.526_M                         1375.871      
         
           0.0002
    0.0019
    0.0336
   -0.0003
   -0.0194
   -0.0048
    0.0284
    0.0296
    0.0028
    0.0000
   -0.0108
   -0.0027

         
      APERTURE_Z_3410.422_M
         0.0002
    0.0019
    0.0336
   -0.0003
   -0.0194
   -0.0048
    0.0284
    0.0296
    0.0028
    0.0000
   -0.0108
   -0.0027
   
   
APERTURE_Z_3431.347_M
         0
    0.0059
    0.0348
    0.0036
   -0.0217
   -0.0132
    0.0259
    0.0256
    0.0004
   -0.0057
   -0.0037
   -0.0013
   
   
   APERTURE_Z_3450.881_M 
          0
    0.0059
    0.0348
    0.0036
   -0.0217
   -0.0132
    0.0259
    0.0256
    0.0004
   -0.0057
   -0.0037
   -0.0013

   APERTURE_Z_3470.271_M   
            0
    0.0089
    0.0248
    0.0019
   -0.0184
   -0.0209
    0.0080
    0.0210
    0.0071
    0.0016
   -0.0102
   -0.0015

    APERTURE_Z_3490.065_M 
       0
    0.0091
    0.0132
   -0.0058
   -0.0242
   -0.0063
    0.0129
    0.0159
    0.0108
   -0.0128
   -0.0084
    0.0021
    
APERTURE_Z_3479.988_M 
            0
    0.0007
    0.0163
    0.0005
   -0.0181
   -0.0052
    0.0156
    0.0209
    0.0068
   -0.0015
   -0.0055
    0.0125
 
    APERTURE_Z_3440.039_M
     0
    0.0092
    0.0332
   -0.0115
   -0.0275
   -0.0120
    0.0255
    0.0149
    0.0011
    0.0006
    0.0061
   -0.0061
   
   APERTURE_Z_3510.224_M
   0.0078
    0.0022
    0.0225
    0.0061
   -0.0236
   -0.0121
    0.0304
    0.0098
   -0.0073
   -0.0044
    0.0004
    0.0095
    
    
    
    